Generated a C:12 by R:12 puzzle with 20 islands
[
  [
    0, 2, 0, 0, 0,
    0, 0, 1, 0, 0,
    1, 0
  ],
  [
    0, 0, 4, 0, 0,
    0, 3, 0, 0, 0,
    0, 0
  ],
  [
    0, 0, 0, 0, 0,
    0, 0, 0, 0, 0,
    3, 0
  ],
  [
    0, 0, 0, 0, 0,
    0, 0, 0, 0, 0,
    0, 0
  ],
  [
    0, 0, 2, 0, 0,
    0, 0, 0, 0, 0,
    0, 0
  ],
  [
    0, 2, 0, 0, 0,
    0, 4, 0, 0, 0,
    5, 0
  ],
  [
    1, 0, 4, 0, 0,
    3, 0, 0, 0, 1,
    0, 0
  ],
  [
    0, 0, 0, 0, 0,
    0, 0, 0, 0, 0,
    0, 0
  ],
  [
    1, 0, 0, 0, 0,
    0, 0, 0, 0, 0,
    0, 0
  ],
  [
    0, 0, 2, 0, 0,
    0, 0, 0, 0, 0,
    3, 0
  ],
  [
    0, 0, 0, 0, 0,
    0, 0, 0, 0, 0,
    0, 0
  ],
  [
    2, 0, 0, 2, 0,
    0, 0, 0, 0, 0,
    2, 0
  ]
] 